0, 27.4396
1, 27.4246
2, 27.4258
3, 27.4278
4, 27.4263
5, 27.4295
6, 27.4321
7, 27.4332
8, 27.4345
9, 27.4359
10, 27.4427
11, 27.4445
12, 27.4446
13, 27.4438
14, 27.4465
15, 27.449
16, 27.4631
17, 27.478
18, 27.4838
19, 27.4917
20, 27.5033
21, 27.5119
22, 27.5223
23, 27.5263
24, 27.5323
25, 27.5422
26, 27.547
27, 27.5464
28, 27.5577
29, 27.5732
30, 27.5773
31, 27.5865
32, 27.5991
33, 27.6049
34, 27.6154
35, 27.6249
36, 27.6354
37, 27.6465
38, 27.6606
39, 27.6712
40, 27.6856
41, 27.6895
42, 27.6904
43, 27.7025
44, 27.7125
45, 27.7188
46, 27.74
47, 27.744
48, 27.7594
49, 27.7695
50, 27.7883
51, 27.8056
52, 27.8207
53, 27.8387
54, 27.8389
55, 27.8571
56, 27.8728
57, 27.886
58, 27.9004
59, 27.9158
60, 27.9283
61, 27.9478
62, 27.9657
63, 27.9835
64, 28.0001
65, 28.02
66, 28.0358
67, 28.0467
68, 28.0621
69, 28.0829
70, 28.0998
71, 28.1162
72, 28.1209
73, 28.1448
74, 28.1707
75, 28.1822
76, 28.2047
77, 28.2223
78, 28.2319
79, 28.2536
80, 28.2648
81, 28.2851
82, 28.3
83, 28.3258
84, 28.3485
85, 28.3653
86, 28.3864
87, 28.3957
88, 28.4213
89, 28.4305
90, 28.4508
91, 28.4737
92, 28.4965
93, 28.5138
94, 28.5256
95, 28.5419
96, 28.5517
97, 28.5641
98, 28.5843
99, 28.6069
100, 28.6193
101, 28.6398
102, 28.6517
103, 28.6677
104, 28.6888
105, 28.7164
106, 28.7443
107, 28.7594
108, 28.7745
109, 28.8021
110, 28.8171
111, 28.8379
112, 28.8561
113, 28.8833
114, 28.9056
115, 28.9319
116, 28.9558
117, 28.9785
118, 28.9916
119, 29.0193
120, 29.0419
121, 29.0734
122, 29.0926
123, 29.1195
124, 29.1455
125, 29.1678
126, 29.2029
127, 29.2228
128, 29.2548
129, 29.2938
130, 29.3194
131, 29.3376
132, 29.3544
133, 29.3809
134, 29.4068
135, 29.4256
136, 29.449
137, 29.468
138, 29.4893
139, 29.5121
140, 29.5331
141, 29.5633
142, 29.5846
143, 29.6019
144, 29.629
145, 29.6614
146, 29.6789
147, 29.713
148, 29.745
149, 29.7685
150, 29.8048
151, 29.8138
152, 29.8438
153, 29.8622
154, 29.888
155, 29.9112
156, 29.9371
157, 29.9614
158, 29.9897
159, 30.0189
160, 30.0428
161, 30.0711
162, 30.1026
163, 30.1238
164, 30.1402
165, 30.1534
166, 30.1815
167, 30.2045
168, 30.2252
169, 30.2498
170, 30.2746
171, 30.294
172, 30.3242
173, 30.3553
174, 30.38
175, 30.405
176, 30.4287
177, 30.4417
178, 30.4673
179, 30.4981
180, 30.5171
181, 30.5477
182, 30.5735
183, 30.5965
184, 30.6223
185, 30.6522
186, 30.674
187, 30.6922
188, 30.7202
189, 30.741
190, 30.7651
191, 30.7919
192, 30.8205
193, 30.8418
194, 30.8664
195, 30.8981
196, 30.912
197, 30.9368
198, 30.9651
199, 30.9842
200, 31.0197
201, 31.0427
202, 31.0717
203, 31.097
204, 31.1249
205, 31.1538
206, 31.1835
207, 31.212
208, 31.2365
209, 31.2575
210, 31.284
211, 31.2967
212, 31.3248
213, 31.3518
214, 31.3973
215, 31.4265
216, 31.4536
217, 31.4859
218, 31.5229
219, 31.5429
220, 31.5739
221, 31.5931
222, 31.6259
223, 31.6596
224, 31.6912
225, 31.7319
226, 31.7617
227, 31.7959
228, 31.8214
229, 31.8487
230, 31.8836
231, 31.9096
232, 31.9333
233, 31.9534
234, 31.9913
235, 32.0255
236, 32.0565
237, 32.0712
238, 32.0961
239, 32.118
240, 32.1574
241, 32.1766
242, 32.1994
243, 32.2395
244, 32.2671
245, 32.2976
246, 32.3187
247, 32.3679
248, 32.3974
249, 32.4383
250, 32.4719
251, 32.4934
252, 32.5326
253, 32.5558
254, 32.5817
255, 32.6138
256, 32.6481
257, 32.6758
258, 32.7091
259, 32.7414
260, 32.7687
261, 32.7906
262, 32.8302
263, 32.8648
264, 32.899
265, 32.9292
266, 32.961
267, 33.0066
268, 33.0383
269, 33.058
270, 33.0832
271, 33.1144
272, 33.1587
273, 33.1893
274, 33.2233
275, 33.2568
276, 33.3052
277, 33.3375
278, 33.3858
279, 33.4162
280, 33.4415
281, 33.4673
282, 33.5082
283, 33.5543
284, 33.5821
285, 33.6171
286, 33.6557
287, 33.6805
288, 33.7215
289, 33.7564
290, 33.7765
291, 33.8097
292, 33.8423
293, 33.8805
294, 33.9145
295, 33.9312
296, 33.9646
297, 33.9914
298, 34.0102
299, 34.0481
300, 34.069
301, 34.1124
302, 34.1303
303, 34.1593
304, 34.2198
305, 34.2519
306, 34.2906
307, 34.3216
308, 34.35
309, 34.3714
310, 34.3943
311, 34.4464
312, 34.4768
313, 34.5114
314, 34.5382
315, 34.5604
316, 34.5966
317, 34.6317
318, 34.6724
319, 34.7196
320, 34.7498
321, 34.7696
322, 34.796
323, 34.8395
324, 34.8765
325, 34.911
326, 34.9523
327, 34.9712
328, 35.0085
329, 35.0455
330, 35.0745
331, 35.1187
332, 35.1386
333, 35.1754
334, 35.1963
335, 35.2254
336, 35.2481
337, 35.2748
338, 35.3043
339, 35.3292
340, 35.3708
341, 35.4061
342, 35.444
343, 35.4815
344, 35.5184
345, 35.5505
346, 35.5978
347, 35.6431
348, 35.6902
349, 35.7306
350, 35.7704
351, 35.8156
352, 35.8451
353, 35.874
354, 35.9086
355, 35.9568
356, 35.9857
357, 36.0397
358, 36.0811
359, 36.1292
360, 36.1698
361, 36.1969
362, 36.2512
363, 36.2736
364, 36.3244
365, 36.3517
366, 36.3803
367, 36.4124
368, 36.4436
369, 36.4834
370, 36.5084
371, 36.5474
372, 36.5683
373, 36.608
374, 36.6493
375, 36.6881
376, 36.7277
377, 36.7739
378, 36.8112
379, 36.8646
380, 36.9063
381, 36.9372
382, 36.9625
383, 36.9971
384, 37.0483
385, 37.0875
386, 37.1279
387, 37.1685
388, 37.1956
389, 37.2323
390, 37.2698
391, 37.3128
392, 37.3469
393, 37.371
394, 37.4158
395, 37.465
396, 37.5073
397, 37.5476
398, 37.5898
399, 37.6273
400, 37.6568
401, 37.6875
402, 37.7274
403, 37.7747
404, 37.81
405, 37.8444
406, 37.8602
407, 37.9008
408, 37.9331
409, 37.9726
410, 38.0078
411, 38.0513
412, 38.0955
413, 38.1412
414, 38.1927
415, 38.2322
416, 38.2621
417, 38.2916
418, 38.3299
419, 38.363
420, 38.4019
421, 38.4457
422, 38.4999
423, 38.567
424, 38.5929
425, 38.6323
426, 38.6666
427, 38.6891
428, 38.7214
429, 38.7434
430, 38.7839
431, 38.8272
432, 38.8664
433, 38.9077
434, 38.9444
435, 38.9837
436, 39.0283
437, 39.0708
438, 39.0992
439, 39.1419
440, 39.1816
441, 39.2257
442, 39.2746
443, 39.3002
444, 39.3314
445, 39.3683
446, 39.413
447, 39.4515
448, 39.4993
449, 39.5384
450, 39.5712
451, 39.6087
452, 39.6405
453, 39.6834
454, 39.7133
455, 39.7536
456, 39.7909
457, 39.8371
458, 39.8718
459, 39.9101
460, 39.9461
461, 39.9877
462, 40.0293
463, 40.0625
464, 40.0973
465, 40.1345
466, 40.1618
467, 40.2019
468, 40.2304
469, 40.2659
470, 40.3049
471, 40.332
472, 40.3782
473, 40.4241
474, 40.4674
475, 40.5072
476, 40.5478
477, 40.5958
478, 40.6355
479, 40.6707
480, 40.7046
481, 40.7229
482, 40.7621
483, 40.7797
484, 40.8177
485, 40.8493
486, 40.8976
487, 40.9255
488, 40.9614
489, 40.996
490, 41.0311
491, 41.0686
492, 41.1099
493, 41.1537
494, 41.1983
495, 41.2358
496, 41.2586
497, 41.3004
498, 41.3401
499, 41.3722
