1.5 1 1617891298 3463
1.5 2 1617891303 3452
1.5 4 1617891307 3738
1.5 6 1617891312 3974
1.5 8 1617891317 4180
1.5 10 1617891322 4164
1.5 12 1617891327 5251
1.5 14 1617891335 5628
1.5 16 1617891342 9724
1.5 18 1617891357 10120
1.5 20 1617891372 7390
1.5 22 1617891383 11118
1.5 24 1617891400 8804
1.5 26 1617891414 6962
1.5 28 1617891425 8044
1.5 30 1617891437 7415
1.5 32 1617891448 8722
1.5 34 1617891462 6408
1.5 36 1617891472 8700
1.75 1 1617891485 3464
1.75 2 1617891489 3560
1.75 4 1617891494 3612
1.75 6 1617891498 3809
1.75 8 1617891503 3844
1.75 10 1617891508 4921
1.75 12 1617891515 6492
1.75 14 1617891524 6062
1.75 16 1617891532 7825
1.75 18 1617891543 6647
1.75 20 1617891553 5328
1.75 22 1617891560 8787
1.75 24 1617891574 8844
1.75 26 1617891587 7927
1.75 28 1617891599 8426
1.75 30 1617891612 10056
1.75 32 1617891627 9109
1.75 34 1617891641 6388
1.75 36 1617891651 7168
2 1 1617891662 3316
2 2 1617891666 3414
2 4 1617891670 3605
2 6 1617891674 3998
2 8 1617891679 4292
2 10 1617891685 4797
2 12 1617891691 4672
2 14 1617891697 5070
2 16 1617891704 9897
2 18 1617891719 8861
2 20 1617891732 9395
2 22 1617891746 9859
2 24 1617891761 9713
2 26 1617891776 8111
2 28 1617891788 7915
2 30 1617891801 6182
2 32 1617891810 7719
2 34 1617891822 7249
2 36 1617891834 8816
2.25 1 1617891847 3258
2.25 2 1617891851 3348
2.25 4 1617891855 3586
2.25 6 1617891860 3734
2.25 8 1617891864 4596
2.25 10 1617891870 5148
2.25 12 1617891877 5038
2.25 14 1617891884 5252
2.25 16 1617891891 4232
2.25 18 1617891897 9465
2.25 20 1617891911 7854
2.25 22 1617891923 9809
2.25 24 1617891937 8601
2.25 26 1617891951 7370
2.25 28 1617891963 7698
2.25 30 1617891975 8612
2.25 32 1617891989 6320
2.25 34 1617891999 7861
2.25 36 1617892012 5782
2.5 1 1617892021 3258
2.5 2 1617892025 3333
2.5 4 1617892029 3390
2.5 6 1617892033 3902
2.5 8 1617892038 5110
2.5 10 1617892045 4619
2.5 12 1617892051 5449
2.5 14 1617892059 9206
2.5 16 1617892072 6514
2.5 18 1617892082 5199
2.5 20 1617892090 8201
2.5 22 1617892102 7328
2.5 24 1617892114 8205
2.5 26 1617892127 7179
2.5 28 1617892138 7500
2.5 30 1617892150 8262
2.5 32 1617892162 7468
2.5 34 1617892174 6999
2.5 36 1617892185 6058
2.75 1 1617892195 3365
2.75 2 1617892199 3219
2.75 4 1617892203 3391
2.75 6 1617892207 4083
2.75 8 1617892213 5000
2.75 10 1617892220 4544
2.75 12 1617892226 5177
2.75 14 1617892234 6331
2.75 16 1617892243 8732
2.75 18 1617892257 6021
2.75 20 1617892265 9196
2.75 22 1617892279 8695
2.75 24 1617892292 9306
2.75 26 1617892307 7382
2.75 28 1617892319 8166
2.75 30 1617892331 6650
2.75 32 1617892342 6563
2.75 34 1617892352 6209
2.75 36 1617892362 5143
3 1 1617892370 3278
3 2 1617892374 3287
3 4 1617892378 3540
3 6 1617892382 3642
3 8 1617892387 3677
3 10 1617892392 5371
3 12 1617892399 9240
3 14 1617892413 6014
3 16 1617892422 7086
3 18 1617892433 9881
3 20 1617892448 8133
3 22 1617892460 8004
3 24 1617892472 6827
3 26 1617892482 6070
3 28 1617892491 9542
3 30 1617892506 6650
3 32 1617892517 7650
3 34 1617892529 6659
3 36 1617892540 8846
3.25 1 1617892555 3130
3.25 2 1617892558 3106
3.25 4 1617892562 3251
3.25 6 1617892566 3440
3.25 8 1617892570 4760
3.25 10 1617892577 4913
3.25 12 1617892583 6638
3.25 14 1617892593 5406
3.25 16 1617892600 9160
3.25 18 1617892614 9185
3.25 20 1617892629 9232
3.25 22 1617892643 9052
3.25 24 1617892658 6446
3.25 26 1617892667 7978
3.25 28 1617892680 9105
3.25 30 1617892694 7092
3.25 32 1617892705 7798
3.25 34 1617892717 7734
3.25 36 1617892729 6529
3.5 1 1617892739 3114
3.5 2 1617892743 3303
3.5 4 1617892747 3224
3.5 6 1617892751 3266
3.5 8 1617892755 4224
3.5 10 1617892761 4158
3.5 12 1617892766 5673
3.5 14 1617892774 5249
3.5 16 1617892781 10198
3.5 18 1617892797 9128
3.5 20 1617892811 7660
3.5 22 1617892822 8710
3.5 24 1617892836 7607
3.5 26 1617892848 8450
3.5 28 1617892861 8501
3.5 30 1617892875 6110
3.5 32 1617892884 7699
3.5 34 1617892897 6132
3.5 36 1617892906 10331
4 1 1617892924 3041
4 2 1617892928 3106
4 4 1617892931 3129
4 6 1617892935 3799
4 8 1617892940 3610
4 10 1617892945 4852
4 12 1617892952 5389
4 14 1617892959 5607
4 16 1617892968 5890
4 18 1617892977 7586
4 20 1617892989 9907
4 22 1617893004 8224
4 24 1617893017 6855
4 26 1617893028 8285
4 28 1617893041 8401
4 30 1617893054 6861
4 32 1617893065 7604
4 34 1617893077 7851
4 36 1617893090 6888
4.5 1 1617893101 2932
4.5 2 1617893104 2991
4.5 4 1617893108 3320
4.5 6 1617893112 3562
4.5 8 1617893117 4023
4.5 10 1617893122 6278
4.5 12 1617893131 5084
4.5 14 1617893138 4367
4.5 16 1617893144 8362
4.5 18 1617893157 4464
4.5 20 1617893163 9057
4.5 22 1617893176 7734
4.5 24 1617893188 6092
4.5 26 1617893197 5865
4.5 28 1617893206 6729
4.5 30 1617893216 6938
4.5 32 1617893227 6918
4.5 34 1617893237 8343
4.5 36 1617893251 6934
5 1 1617893261 2987
5 2 1617893265 2978
5 4 1617893268 2988
5 6 1617893272 3499
5 8 1617893276 3463
5 10 1617893281 5714
5 12 1617893288 5051
5 14 1617893295 5919
5 16 1617893304 7509
5 18 1617893315 7156
5 20 1617893326 6391
5 22 1617893335 7231
5 24 1617893345 8912
5 26 1617893359 7330
5 28 1617893370 6615
5 30 1617893381 5347
5 32 1617893389 6383
5 34 1617893400 6546
5 36 1617893410 7120
5.5 1 1617893422 2853
5.5 2 1617893425 2947
5.5 4 1617893429 3012
5.5 6 1617893433 3236
5.5 8 1617893437 3789
5.5 10 1617893442 5031
5.5 12 1617893449 4538
5.5 14 1617893455 5845
5.5 16 1617893464 6470
5.5 18 1617893473 7424
5.5 20 1617893485 6813
5.5 22 1617893495 5734
5.5 24 1617893504 7244
5.5 26 1617893515 8518
5.5 28 1617893528 6274
5.5 30 1617893538 6046
5.5 32 1617893547 6931
5.5 34 1617893557 6810
5.5 36 1617893567 5408
6 1 1617893576 2777
6 2 1617893579 2894
6 4 1617893582 3123
6 6 1617893586 3113
6 8 1617893590 8128
6 10 1617893601 3708
6 12 1617893606 7639
6 14 1617893617 5533
6 16 1617893625 6742
6 18 1617893635 7099
6 20 1617893645 8404
6 22 1617893657 6301
6 24 1617893666 9089
6 26 1617893680 5909
6 28 1617893689 7497
6 30 1617893700 5569
6 32 1617893708 6655
6 34 1617893718 8636
6 36 1617893732 7389
6.5 1 1617893743 2706
6.5 2 1617893746 2798
6.5 4 1617893750 2849
6.5 6 1617893753 3186
6.5 8 1617893758 3402
6.5 10 1617893762 4073
6.5 12 1617893768 7260
6.5 14 1617893779 6541
6.5 16 1617893789 7796
6.5 18 1617893801 8551
6.5 20 1617893814 6341
6.5 22 1617893823 5631
6.5 24 1617893831 7603
6.5 26 1617893843 8765
6.5 28 1617893857 6497
6.5 30 1617893867 6277
6.5 32 1617893877 6413
6.5 34 1617893887 5560
6.5 36 1617893896 6084
7 1 1617893906 2766
7 2 1617893909 2702
7 4 1617893913 3105
7 6 1617893917 3602
7 8 1617893921 3259
7 10 1617893926 6900
7 12 1617893936 9934
7 14 1617893951 8087
7 16 1617893963 6227
7 18 1617893972 8436
7 20 1617893985 7539
7 22 1617893996 6101
7 24 1617894005 7839
7 26 1617894017 6649
7 28 1617894026 6801
7 30 1617894037 6826
7 32 1617894047 5834
7 34 1617894056 7266
7 36 1617894067 5108
